#   l  n   nu                                                                                            a1           a2             a3           a4            a5            a6          err(a1)       err(a2)       err(a3)       err(a4)       err(a5)       err(a6)
   0  14 2093.5205    0.7414  0.3067 10.6004  0.0000  0.0885   0.1537   0.1890    0.3627   0.0000    -0.0000       0.00000       0.00000       0.00000       0.00000       0.00000       0.00000       0.00000       0.00000       0.00000       0.00000       0.00000
   0  16 2362.5742    1.4221  1.3908  5.7664  0.0000  0.1665   0.1825   0.5077  201.8432   0.0000    -0.0000       0.00000       0.00000       0.00000       0.00000       0.00000       0.00000       0.00000       0.00000       0.00000       0.00000       0.00000
   0  22 3168.8489    4.6929  0.9101  6.4197  0.0000  0.1655   0.6880   0.3727 1000.0000   0.0000    -0.0000       0.00000       0.00000       0.00000       0.00000       0.00000       0.00000       0.00000       0.00000       0.00000       0.00000       0.00000
   0  23 3303.3925    3.9828  0.9825  9.5069  0.0000  0.1253   0.5153   0.4507   42.1661   0.0000    -0.0000       0.00000       0.00000       0.00000       0.00000       0.00000       0.00000       0.00000       0.00000       0.00000       0.00000       0.00000
   1  13 2020.7693    0.6626  0.3929 10.2043  0.0000  0.0830   0.0762   0.1159    0.2355   0.0000   435.1502       17.6186       0.00000       0.00000       0.00000       0.00000       117.526       48.1825       0.00000       0.00000       0.00000       0.00000
   1  15 2291.9723    0.9815  0.8488 10.8005  0.0000  0.0933   0.0894   0.2481    0.4203   0.0000   378.3644      -40.2886       0.00000       0.00000       0.00000       0.00000       94.4543       79.0085       0.00000       0.00000       0.00000       0.00000
   1  16 2425.6723    1.5633  0.7077 10.1825  0.0000  0.0649   0.1302   0.1921    1.1538   0.0000   346.7301      -21.4210       0.00000       0.00000       0.00000       0.00000       79.2575       43.8086       0.00000       0.00000       0.00000       0.00000
   1  17 2559.0044    2.2049  0.8413 10.9556  0.0000  0.0705   0.1824   0.2240    1.0822   0.0000   507.6177       27.9581       0.00000       0.00000       0.00000       0.00000       88.5307       50.4609       0.00000       0.00000       0.00000       0.00000
   1  20 2963.2964    3.7847  0.8974  7.0710  0.0000  0.1188   0.3723   0.2277  333.2841   0.0000   436.9011      0.372649       0.00000       0.00000       0.00000       0.00000       160.788       65.8892       0.00000       0.00000       0.00000       0.00000
   1  21 3098.2353    4.1782  0.9322  0.3915  0.0000  0.0829   0.3142   0.2080 1000.0000   0.0000   327.6418       76.5315       0.00000       0.00000       0.00000       0.00000       111.845       52.6960       0.00000       0.00000       0.00000       0.00000
   1  24 3504.0409    2.9767  2.8783  1.3265  0.0000  0.1444   0.1655   0.4747 1000.0000   0.0000   302.9662      -17.2263       0.00000       0.00000       0.00000       0.00000       177.890       101.050       0.00000       0.00000       0.00000       0.00000
   1  25 3639.9336    2.4856  4.1292  5.4360  0.0000  0.1898   0.1207   0.6305  214.8375   0.0000   189.3259      -364.074       0.00000       0.00000       0.00000       0.00000       235.440       131.908       0.00000       0.00000       0.00000       0.00000
   2  12 1945.7763    0.4920  0.3583 10.3159  0.0000  0.0452   0.0495   0.1103    0.1427   0.0000   420.3106      -27.3423       5.96493      0.977930       0.00000       0.00000       33.3856       26.9667       18.7762       5.86475       0.00000       0.00000
   2  13 2082.1250    0.7414  0.5405 10.3308  0.0000  0.0745   0.0609   0.1229    0.2103   0.0000   454.6353      -35.5769      -28.9836      -3.80917       0.00000       0.00000       53.3929       40.0399       30.9364       9.07827       0.00000       0.00000
   2  14 2217.6601    1.0597  0.5741 10.0278  0.0000  0.0591   0.0811   0.1336    0.4213   0.0000   416.7934      -108.515       34.3037       11.5209       0.00000       0.00000       40.8692       40.8745       14.7084       9.08321       0.00000       0.00000
   2  16 2485.7765    1.7409  1.1690  8.8956  0.0000  0.0741   0.0987   0.1883    4.8446   0.0000   404.0634      -24.3458       22.2833      -5.02566       0.00000       0.00000       57.8011       44.2043       24.5455       8.17708       0.00000       0.00000
   2  18 2754.4984    2.9275  1.1446  5.4850  0.0000  0.0715   0.1787   0.1646  592.8728   0.0000   432.1310       25.6650       10.5520       3.08100       0.00000       0.00000       42.5008       38.2244       29.8679       9.72003       0.00000       0.00000
   2  19 2889.4668    3.3263  1.0115  2.0418  0.0000  0.0581   0.1946   0.1866 1000.0000   0.0000   482.5036       3.21635       25.6464      -14.7740       0.00000       0.00000       40.2123       36.5967       19.3933       8.26575       0.00000       0.00000
   2  20 3024.8251    4.1069  1.0031  5.8040  0.0000  0.0695   0.2583   0.2163  645.1084   0.0000   436.7960       30.2990       11.9170       1.75800       0.00000       0.00000       47.4592       43.1045       18.5663       9.48171       0.00000       0.00000
   2  21 3159.8185    4.1012  1.2968 11.0680 -0.0115  0.0748   0.2194   0.1931    6.8965   0.0000   410.1338      -27.9075       2.43091      -8.27238       0.00000       0.00000       55.1838       46.7775       26.2165       9.79472       0.00000       0.00000
   2  22 3294.9270    3.8552  1.1298 12.5800  0.0020  0.0711   0.2376   0.1969    0.9817   0.0000   472.5573       26.5401      -24.1097      -6.07676       0.00000       0.00000       51.7532       43.8891       24.3599       9.51254       0.00000       0.00000
   2  23 3430.7956    3.2429  2.0601 10.7034  0.0000  0.0905   0.1422   0.3020    1.9670   0.0000   500.5553      -30.2565      -30.2406      -24.7368       0.00000       0.00000       66.0984       54.1440       30.9512       11.1951       0.00000       0.00000
   2  24 3566.7404    2.7114  3.2587 10.7293  0.0000  0.1203   0.0988   0.3817    0.9065   0.0000   402.2244      -23.9261       18.1041     -0.845932       0.00000       0.00000       79.0260       69.8045       43.5276       17.2225       0.00000       0.00000
   3  10 1729.0343    0.3191  0.1619 10.0206  0.0000  0.0314   0.0374   0.0514    0.0855   0.0000   426.8897       25.6500      -16.8032      -4.29929      0.313385     -0.194514       15.1195       14.8627       12.8812       6.17090       3.40428      0.938612
   3  11 1865.1088    0.3884  0.4278 10.1489  0.0000  0.0530   0.0310   0.1130    0.1225   0.0000   470.3273       58.6994      -13.3841      -17.2099       4.22306       1.39935       30.0085       29.8546       18.2734       9.60476       4.09658       1.37633
   3  12 2001.1629    0.6258  0.4944 10.1402  0.0000  0.0456   0.0422   0.1004    0.1697   0.0000   427.4046      -19.6511       18.4618       4.64941       4.26352     -0.273855       21.3985       18.6518       15.5237       10.8345       4.21737       1.24136
   3  13 2137.7521    0.8014  0.6131 10.0749  0.0000  0.0504   0.0494   0.1066    0.2331   0.0000   425.2116      -19.3840       47.9439       11.2999       5.85911       1.72216       21.2026       22.8682       18.6026       8.45027       5.67480       1.60457
   3  14 2273.4199    1.1173  0.6396 10.8227  0.0000  0.0682   0.0731   0.1208    0.2418   0.0000   421.4278       20.8028       7.54682      -4.82248      -5.41595      -1.42187       23.8539       28.9274       21.4563       11.5392       6.95747       2.20573
   3  15 2407.4453    1.4297  0.7909 11.0700  0.0000  0.0599   0.0811   0.1229    0.3741   0.0000   445.2409      -1.18822       24.0901     -0.170788      -2.55046      -2.04890       27.8714       23.9905       22.3715       13.4956       6.57782       1.67692
   3  16 2541.5914    1.9386  1.1273  9.0323  0.0000  0.0557   0.0907   0.1616    4.1702   0.0000   462.4753       3.66570       12.4633       1.53435       6.15327       1.96493       26.8145       25.4291       20.0686       12.0601       5.51041       1.60429
   3  17 2676.1496    2.5987  0.8512 11.3729  0.0000  0.0530   0.1344   0.1230    0.6756   0.0000   438.8351       24.5325      -2.16823       2.57675       5.04923      -1.07559       26.4893       22.3901       19.3242       12.9213       5.38729       1.43334
   3  18 2811.4146    3.1895  0.9545  2.8422  0.0000  0.0495   0.1549   0.1331 1000.0000   0.0000   473.9056       10.6141       36.2629      -20.1023       6.48830     0.0707050       24.7184       24.4265       16.7764       11.2700       4.23278       1.46105
   3  20 3082.2713    3.7777  0.9329 12.6584  0.0000  0.0567   0.1917   0.1381    0.5239   0.0000   409.6347      -8.19461       16.1636      -11.0049      -1.82506      0.131168       24.3419       25.9477       20.3965       10.9535       6.17488       1.82261
   3  21 3217.7330    4.0582  1.1093 11.7689  0.0000  0.0804   0.1861   0.1458    1.2801   0.0000   438.7825      -1.52608       25.5291      -5.75996      -5.62597      0.149590       38.4604       28.1143       29.4531       21.4099       8.23768       2.02912
   3  22 3353.3774    3.5182  1.4317 12.4474 -0.0052  0.0711   0.1648   0.1883    0.6441   0.0000   437.7296      -51.2785       64.9769      -4.74883       7.17316       1.01568       36.4183       35.2191       26.2288       15.2376       7.10996       2.04022
   3  23 3489.3570    2.8875  2.8778 11.1464 -0.0005  0.0969   0.0913   0.2609    0.4862   0.0000   401.7902       14.5594      -67.6181      -14.6151      -8.93604      -7.05905       49.2011       46.5395       35.8293       19.7011       9.58062       2.71247
   3  24 3625.8299    2.6320  3.8879  8.1549  0.0000  0.1031   0.0656   0.3050    4.3002   0.0000   417.7933       44.9057       3.51559      -13.7968      -8.71283      -2.85332       50.5087       50.1209       36.3325       22.4391       9.65519       3.12739
   3  25 3762.2677    1.9957  5.8560 10.0453  0.0000  0.1457   0.0473   0.4251    0.4256   0.0000   527.3731       39.4825       22.2038       5.77396      -20.2446      -8.52994       73.3633       69.2238       53.5795       31.0299       14.5471       4.14213
