# File containing a summary of all combinations made for a specific test
epsilon_nl=0.0005 0.0
dir_raw=/Users/obenomar/Work/2022/acoefs_checks_theta/tmp/bias_analysis/UltraHighPrecision/a2a4a6/gate/grids_posterior//epsilon_nl0.0005_0.0//raw_ajnl
dir_res=/Users/obenomar/Work/2022/acoefs_checks_theta/tmp/bias_analysis/UltraHighPrecision/a2a4a6/gate/grids_posterior//epsilon_nl0.0005_0.0/mean_aj
# theta0    /   delta   
0.17453292519943295   0.08726646259971647
0.17453292519943295   0.17453292519943295
0.17453292519943295   0.3490658503988659
0.17453292519943295   0.5235987755982988
0.17453292519943295   0.6981317007977318
0.3490658503988659   0.08726646259971647
0.3490658503988659   0.17453292519943295
0.3490658503988659   0.3490658503988659
0.3490658503988659   0.5235987755982988
0.3490658503988659   0.6981317007977318
0.5235987755982988   0.08726646259971647
0.5235987755982988   0.17453292519943295
0.5235987755982988   0.3490658503988659
0.5235987755982988   0.5235987755982988
0.5235987755982988   0.6981317007977318
0.6981317007977318   0.08726646259971647
0.6981317007977318   0.17453292519943295
0.6981317007977318   0.3490658503988659
0.6981317007977318   0.5235987755982988
0.6981317007977318   0.6981317007977318
0.8726646259971648   0.08726646259971647
0.8726646259971648   0.17453292519943295
0.8726646259971648   0.3490658503988659
0.8726646259971648   0.5235987755982988
0.8726646259971648   0.6981317007977318
1.0471975511965976   0.08726646259971647
1.0471975511965976   0.17453292519943295
1.0471975511965976   0.3490658503988659
1.0471975511965976   0.5235987755982988
1.0471975511965976   0.6981317007977318
1.2217304763960306   0.08726646259971647
1.2217304763960306   0.17453292519943295
1.2217304763960306   0.3490658503988659
1.2217304763960306   0.5235987755982988
1.2217304763960306   0.6981317007977318
1.3962634015954636   0.08726646259971647
1.3962634015954636   0.17453292519943295
1.3962634015954636   0.3490658503988659
1.3962634015954636   0.5235987755982988
1.3962634015954636   0.6981317007977318
1.5707963267948966   0.08726646259971647
1.5707963267948966   0.17453292519943295
1.5707963267948966   0.3490658503988659
1.5707963267948966   0.5235987755982988
1.5707963267948966   0.6981317007977318
